Results for 6 Parameters
Chisq = 31.8324 
mb = 4.7314 
norm = 0.00503 
a1 = 0.19284 
a2 = -0.04557 
a3 = 0.20561 
a4 = -0.29078 
a5 = 0.22913 
